647,0
877,0
360,1
195,1
820,0
56,0
721,1
613,1
156,0
715,0
512,0
862,0
134,1
254,0
578,1
792,0
806,0
542,1
575,0
531,1
289,0
799,0
523,0
421,0
581,1
658,1
843,1
850,1
651,0
589,0
704,0
761,0
73,0
385,0
412,0
493,0
664,0
337,0
675,0
64,0
778,1
732,0
428,1
583,0
105,0
482,0
128,0
817,1
784,0
77,0
68,0
552,0
67,1
354,0
822,0
48,1
192,0
425,0
477,0
384,1
343,0
180,0
442,0
71,0
155,0
359,1
572,1
424,1
835,0
526,0
643,1
181,1
884,0
179,0
66,0
683,0
116,0
625,0
351,0
509,0
724,0
579,1
380,0
171,0
559,1
210,0
674,0
229,0
341,0
619,1
605,0
591,0
667,0
78,0
856,1
154,0
496,0
842,0
807,0
420,1
225,0
75,0
882,0
139,0
164,0
300,1
291,1
466,0
326,1
263,0
821,1
346,1
560,1
12,1
221,0
349,0
321,0
113,0
759,0
305,0
636,1
438,1
148,1
329,1
111,0
365,0
638,0
93,0
153,0
699,0
37,0
245,0
283,0
125,0
287,0
158,0
355,0
434,0
396,0
288,0
307,1
63,0
497,1
216,1
867,1
740,0
237,0
688,0
14,0
165,0
322,0
633,0
878,0
847,0
405,1
653,0
655,1
35,0
426,0
505,1
869,0
626,0
18,0
752,0
194,0
34,0
447,1
147,0
551,0
432,1
90,0
853,1
615,0
381,1
569,0
255,1
407,0
711,1
865,0
